x[0] = 0.289318
x[1] = -1.31306
x[2] = 1.31751
x[3] = 0.669139
